Si,Fe,Cu,Mn,Mg,Cr,Zn,V,Ti,Zr,Li,Ni,Be,Sc,Ag,Bi,Pb,Al,SS Temp,Ageing Temp,Ageing Time,UTS_pred
0.051276,0.054777,2.550688,0.015649,2.590328,0.190674,7.159927,0.149577,0.016671,0.164758,1.191877,0.729752,0.000527,0.209795,0.109944,0.275062,0.436925,84.101794,462.067869,124.636095,24.500000,717.422028
0.051541,0.055508,2.549624,0.014586,2.589077,0.190753,7.243019,0.135311,0.014602,0.164383,1.195479,0.732797,0.000022,0.235147,0.096336,0.292606,0.504457,83.934753,462.125803,124.747077,28.000000,717.417039
0.051178,0.054025,2.542746,0.017414,2.591811,0.190497,7.160829,0.145857,0.018584,0.165214,1.191324,0.740826,0.000086,0.235712,0.003595,0.279519,0.540394,84.070388,461.658913,124.676464,28.000000,717.417039
0.051088,0.054481,2.547672,0.014679,2.591704,0.190857,7.203044,0.147199,0.017163,0.165268,1.189053,0.741601,0.000090,0.233963,0.081937,0.277862,0.547677,83.944662,461.496898,124.463888,28.000000,717.417039
0.051101,0.054654,2.557952,0.014726,2.590584,0.190756,7.202347,0.145979,0.016884,0.164726,1.188933,0.739611,0.000771,0.231416,0.081582,0.312016,0.545235,83.910725,461.519531,124.492867,28.000000,717.417039
0.051376,0.055440,2.549969,0.014592,2.588959,0.190714,7.244595,0.135223,0.014292,0.164376,1.197540,0.732940,0.000023,0.235125,0.096687,0.293039,0.503730,83.931379,462.150822,124.766394,28.000000,717.417039
0.051172,0.054076,2.543975,0.017197,2.591712,0.190518,7.164185,0.145867,0.018447,0.165174,1.191131,0.740728,0.000142,0.235365,0.009897,0.282146,0.540786,84.057484,461.647649,124.661626,28.000000,717.417039
0.051463,0.055504,2.553386,0.014639,2.588888,0.190781,7.269418,0.142525,0.014876,0.164379,1.194072,0.714195,0.000027,0.235043,0.124921,0.291152,0.456480,83.938249,462.745568,124.684416,28.000000,717.417039
0.051463,0.055504,2.553429,0.014640,2.588886,0.190781,7.134641,0.150703,0.014877,0.164379,1.194061,0.714387,0.000027,0.235043,0.219209,0.291150,0.456576,83.970244,462.741721,124.683550,28.000000,717.417039
0.051463,0.054107,2.553386,0.014639,2.588888,0.190781,7.269418,0.154632,0.014876,0.164379,1.194072,0.714195,0.000027,0.235043,0.124921,0.291152,0.456480,83.927540,462.745568,124.684416,28.000000,717.417039
0.051101,0.054662,2.558075,0.014729,2.590562,0.190758,7.202282,0.132321,0.016873,0.164724,1.189051,0.739471,0.000768,0.231421,0.081779,0.311792,0.541130,83.928501,461.521433,124.486544,28.000000,717.417039
0.051448,0.055426,2.552867,0.014786,2.589040,0.190766,7.136020,0.150448,0.015072,0.164423,1.193917,0.715779,0.000030,0.235078,0.207861,0.251390,0.357621,84.118029,462.684728,124.683177,28.000000,717.417039
0.050790,0.054076,2.543389,0.017327,2.587046,0.190347,7.162801,0.144706,0.018565,0.167171,1.190016,0.741147,0.000083,0.235934,0.006210,0.278085,0.538266,84.074039,461.469390,124.634607,28.000000,717.417039
0.051069,0.054497,2.545588,0.014541,2.591451,0.190863,7.208424,0.139314,0.017030,0.165190,1.188852,0.740187,0.000090,0.234040,0.000000,0.275017,0.543157,84.040690,461.589316,125.280497,28.000000,717.417039
0.051146,0.054286,2.549039,0.016302,2.591303,0.190604,7.178012,0.148918,0.017881,0.165012,1.190334,0.740323,0.000370,0.233934,0.035871,0.292969,0.496916,84.046779,461.601227,124.600479,28.000000,717.417039
0.051463,0.055504,2.553429,0.014640,2.588886,0.190781,7.269173,0.130463,0.014877,0.164379,1.194061,0.714387,0.000027,0.235043,0.221574,0.291150,0.456576,83.853588,462.741721,124.683550,28.000000,717.417039
0.051155,0.054414,2.548696,0.014672,2.591199,0.190844,7.214937,0.148530,0.016753,0.165109,1.189952,0.525520,0.000078,0.234157,0.089639,0.280243,0.531337,84.152764,461.720623,124.503401,28.000000,717.417039
0.051025,0.054541,2.554079,0.014629,2.592814,0.190555,7.214025,0.134173,0.016669,0.164425,1.188013,0.738444,0.000736,0.231436,0.076471,0.277879,0.550000,83.950087,461.494551,124.508923,28.000000,717.417039
0.051452,0.055028,2.553024,0.014742,2.588994,0.190771,7.176309,0.151711,0.015013,0.164410,1.193964,0.915486,0.000029,0.235068,0.182811,0.263399,0.395463,83.852327,462.703103,124.683551,28.000000,717.417039
0.051332,0.055144,2.548667,0.015157,2.589557,0.190672,7.227134,0.137534,0.015194,0.164550,1.196148,0.690688,0.000048,0.235177,0.077841,0.290674,0.309933,84.204548,462.041561,124.743644,28.000000,717.417039
0.051172,0.054347,2.549369,0.016173,2.591112,0.190618,7.177871,0.149149,0.017644,0.164962,1.190635,0.754822,0.000341,0.234028,0.111776,0.290521,0.504640,83.950820,461.692435,124.607355,28.000000,717.417039
0.051315,0.055111,2.548505,0.015224,2.589480,0.190662,7.225160,0.137754,0.015297,0.164630,1.195960,0.692237,0.000049,0.235201,0.075644,0.290287,0.316939,84.200544,462.024004,124.740299,28.000000,717.417039
0.051366,0.054188,2.551897,0.014649,2.589621,0.179196,7.252137,0.152675,0.015451,0.164560,1.192771,0.654486,0.000112,0.212961,0.088683,0.360712,0.486209,83.978328,462.406108,124.627213,28.000000,717.087754
0.051072,0.054527,2.572109,0.014694,2.590859,0.190831,7.202754,0.148773,0.016439,0.165216,1.223393,0.594421,0.000251,0.116846,0.000000,0.281979,0.520048,84.255787,461.835807,124.532537,28.000000,716.837571
0.047159,0.054393,2.543866,0.014637,2.586055,0.190815,7.245619,0.147238,0.016100,0.164922,1.188185,0.535970,0.000074,0.233782,0.087511,0.307560,0.526000,84.110114,461.752291,124.635089,27.500000,716.194189
0.050776,0.054902,2.552909,0.014661,2.585684,0.190311,7.197676,0.141765,0.015947,0.170090,0.725554,0.732059,0.000102,0.234488,0.109906,0.266728,0.483464,84.472976,462.163011,125.041209,28.000000,715.883592
0.051254,0.054281,2.581889,0.079318,2.590459,0.190823,7.232337,0.132634,0.016110,0.164767,1.191280,0.586073,0.000210,0.187658,0.047162,0.283746,0.520271,84.089729,462.017163,124.561671,28.000000,715.257310
0.051158,0.054194,2.546817,0.048780,2.591483,0.190567,7.383138,0.147441,0.018129,0.165083,1.190684,0.740501,0.000269,0.206430,0.037918,0.241438,0.550000,83.835971,455.307537,124.627309,28.000000,715.201341
0.038226,0.049909,2.546014,0.018272,2.585581,0.183176,7.157076,0.147698,0.012221,0.165987,0.910221,0.724089,0.000281,0.224559,0.065776,0.255831,0.525181,84.389902,464.462052,124.573490,28.500000,715.025571
0.051159,0.054096,2.543879,0.017030,2.591357,0.190515,7.168377,0.158000,0.018316,0.182819,1.191996,0.740375,0.000000,0.235243,0.014612,0.281818,0.541188,84.019219,461.637312,124.648589,28.000000,714.598252
0.042433,0.049619,2.477110,0.019074,2.586811,0.189351,7.228846,0.133518,0.019542,0.166237,1.132870,0.749824,0.000165,0.115161,0.103364,0.283420,0.511250,84.191406,451.745910,123.400797,28.000000,714.422898
0.050978,0.051065,2.533206,0.016775,2.587834,0.189937,7.177779,0.141011,0.363312,0.166938,1.190887,0.753713,0.000072,0.225164,0.014423,0.279212,0.478041,83.779655,458.932759,124.655217,27.500000,714.326147
0.051213,0.000677,2.544217,0.016880,2.591289,0.190539,7.176207,0.145835,0.017802,0.165059,1.192399,0.716950,0.000083,0.235555,0.021082,0.282318,0.533898,84.117998,461.744498,125.484198,27.500000,714.156957
0.051140,0.054449,2.551446,0.014688,2.591012,0.190817,7.211286,0.147736,0.000000,0.164882,1.189669,0.589626,0.000436,0.185108,0.031885,0.289705,0.548586,84.187530,461.630780,124.501027,34.000000,713.738338
0.050959,0.054639,2.551909,0.014698,2.587953,0.190531,6.828319,0.146915,0.016173,0.164270,0.922685,0.591073,0.000236,0.188052,0.070700,0.273806,0.493391,84.853689,461.979553,124.618447,28.000000,713.171739
0.051510,0.023416,2.491911,0.092322,2.589909,0.185848,7.198949,0.140486,0.015977,0.168906,1.193502,0.801991,0.000260,0.230858,0.047425,0.281684,0.550000,83.935047,440.695470,124.227544,28.500000,712.905026
0.051174,0.054086,2.544067,0.017176,2.591693,0.102576,7.164126,0.148267,0.018423,0.165169,1.191141,0.740577,0.000147,0.235014,0.011269,0.282048,0.515047,84.168001,461.653411,124.661276,28.000000,712.396165
0.051721,0.042678,2.472298,0.015895,2.879357,0.186452,7.201329,0.130909,0.076435,0.168887,1.194860,0.787366,0.000013,0.231581,0.095017,0.287428,0.522980,83.654794,416.379199,124.162879,26.500000,711.339980
0.050287,0.051098,2.620791,0.014495,2.591675,0.189409,7.195801,0.142220,0.017089,0.162996,0.473331,0.723000,0.000147,0.230930,0.247557,0.261152,0.395918,84.632105,462.375077,124.809246,28.000000,711.139878
0.051139,0.021324,2.544506,0.010283,2.592474,0.190631,7.185668,0.143733,0.032930,0.165241,0.865845,0.606439,0.000080,0.235116,0.012762,0.282659,0.537153,84.522017,461.677614,124.881017,31.500000,710.856386
0.050746,0.054939,2.555378,0.014727,2.584451,0.190194,7.197687,0.145227,0.015620,0.163538,0.633636,0.661048,0.000172,0.212359,0.135343,0.266790,0.432176,84.685971,462.305969,124.741701,36.500000,709.997671
0.051286,0.043869,1.465968,0.016795,2.587600,0.188742,7.424163,0.143515,0.058043,0.167322,1.193457,0.783365,0.000000,0.233994,0.051066,0.283268,0.516634,84.790913,452.981361,124.400558,27.000000,709.838038
0.050790,0.054076,2.543389,0.017327,2.587046,0.190347,7.162801,0.144706,0.018565,0.145699,1.190016,0.808430,0.000083,0.235934,0.006210,0.278085,0.550000,84.016494,461.469390,124.634607,28.000000,709.499192
0.050511,0.053426,2.519101,0.011179,2.674777,0.188400,7.165050,0.135646,0.000000,0.163782,1.337577,0.716188,0.000070,0.231815,0.141691,0.279420,0.485820,83.845547,462.209975,124.647140,27.000000,709.443750
0.050890,0.022099,2.548888,0.028339,2.594071,0.190620,7.590971,0.158000,0.017281,0.164913,1.018340,0.738558,0.000333,0.233239,0.000000,0.247143,0.473667,83.922649,461.635647,124.262520,35.500000,709.296416
0.051230,0.055130,2.554272,0.014484,3.109290,0.190772,6.957192,0.146205,0.015414,0.166089,1.113678,0.720947,0.000355,0.091282,0.180450,0.261669,0.550000,83.821542,462.371656,125.578777,28.000000,708.059922
0.050496,0.002533,2.535887,0.078691,2.893071,0.187987,7.120102,0.134705,0.051872,0.168313,1.194294,0.696993,0.000391,0.230517,0.056487,0.291437,0.478929,83.827293,461.016181,124.602283,25.000000,708.004436
0.051086,0.054483,2.867526,0.000000,2.591391,0.190858,7.209585,0.140547,0.016975,0.189253,1.189063,0.699229,0.000108,0.234028,0.031749,0.276507,0.540930,83.716682,461.613434,125.121753,28.000000,707.858262
0.050565,0.035664,2.544728,0.121533,2.599943,0.190865,6.862511,0.144506,0.011096,0.165801,1.191489,0.697785,0.000229,0.220760,0.091159,0.271777,0.390754,84.408834,422.503401,117.811048,28.500000,707.234982
0.051222,0.053194,2.527180,0.000000,2.993263,0.190600,7.129268,0.144421,0.045340,0.165157,1.081284,0.624817,0.000070,0.242474,0.021635,0.277601,0.532699,83.919774,436.611004,124.926984,28.000000,707.227403
0.050992,0.054342,1.418505,0.000000,2.586863,0.190472,7.221550,0.158000,0.396243,0.157850,1.202973,0.735899,0.000093,0.233700,0.074408,0.277658,0.546293,84.694160,461.506217,124.483244,28.000000,705.872483
0.000000,0.054300,2.537438,0.000000,2.580931,0.190069,7.170367,0.146741,0.406808,0.164653,1.184391,0.881233,0.000408,0.233086,0.087327,0.275513,0.536736,83.550000,452.246289,125.420175,34.500000,705.594429
0.051274,0.055151,2.552982,0.014643,2.589555,0.190730,6.374628,0.134144,0.015251,0.164505,1.194385,0.735367,0.000300,0.233748,0.091146,0.221902,0.517631,84.862656,461.916894,124.662381,28.000000,705.293809
0.028831,0.050658,2.447942,0.070814,2.580158,0.188923,7.206759,0.142406,0.010251,0.165331,1.692837,0.705129,0.000133,0.230323,0.127252,0.300731,0.501521,83.550000,456.094466,123.941435,29.000000,705.283455
0.051444,0.053272,2.526858,0.015054,2.589468,0.190460,6.996717,0.148424,0.014736,0.163978,1.072553,0.607001,0.000045,0.250572,0.082292,0.302522,0.491879,84.442724,455.427481,117.903488,28.000000,705.142747
0.025919,0.000000,2.550718,0.015085,2.699624,0.180877,7.210619,0.138725,0.015925,0.164549,1.077054,0.712720,0.000350,0.248575,0.083366,0.281750,0.387491,84.206653,461.877000,124.651009,27.500000,704.968664
0.051282,0.052499,2.520268,0.000000,2.871194,0.189993,6.732313,0.139704,0.016700,0.164790,1.048279,0.886245,0.000143,0.231398,0.000000,0.339041,0.516720,84.239432,460.178289,124.493445,27.500000,704.918249
0.050938,0.054665,2.554904,0.014652,2.590690,0.206539,7.209507,0.135911,0.016383,0.164138,1.037604,0.736122,0.000609,0.232058,0.098190,0.274661,0.518070,84.104359,461.698337,124.572397,28.000000,704.703050
0.047013,0.000000,2.506253,0.010158,2.879883,0.186911,7.179419,0.130645,0.072389,0.195496,0.850553,0.774500,0.000421,0.223178,0.081588,0.297751,0.524262,84.039580,447.711660,122.534502,29.500000,704.612202
0.050806,0.054109,2.543551,0.017261,2.587123,0.190357,7.164775,0.144486,0.018461,0.153957,1.190205,0.571021,0.000082,0.235911,0.008408,0.278471,0.531260,84.259755,485.516729,124.637953,28.000000,704.448228
0.000000,0.009041,2.530064,0.118491,2.597305,0.183715,7.196752,0.134271,0.017411,0.170355,1.190832,0.819353,0.000051,0.222433,0.038461,0.281523,0.542687,83.947253,433.551798,124.132642,28.500000,703.702878
0.047161,0.049580,2.538499,0.016731,2.629188,0.189931,6.585763,0.143774,0.000000,0.166644,1.175036,0.727151,0.000079,0.233352,0.000000,0.272982,0.512888,84.711242,461.310212,124.762597,27.000000,703.232142
0.000000,0.054299,2.549063,0.029752,2.591290,0.149330,7.181355,0.148588,0.000000,0.165018,1.190293,0.721729,0.000352,0.233938,0.024741,0.291983,0.500187,84.168081,463.506352,124.591427,28.000000,703.191148
0.051237,0.031288,2.546261,0.075986,2.642216,0.190784,7.159129,0.148832,0.029430,0.165032,1.247705,0.732305,0.000219,0.229457,0.056844,0.281115,0.502495,83.909667,468.868970,124.675499,27.500000,703.005407
0.050344,0.058253,2.847944,0.050355,2.599813,0.190651,7.190162,0.158000,0.016885,0.164832,1.192082,0.672937,0.000283,0.231201,0.000000,0.290343,0.506642,83.779271,449.976101,123.098641,40.000000,702.347602
0.051241,0.052006,2.492576,0.015306,2.582707,0.209317,7.291544,0.152153,0.013248,0.261006,1.005246,0.784647,0.000466,0.197454,0.087168,0.398217,0.443609,83.962089,461.572088,124.418321,28.500000,702.079159
0.050873,0.000000,2.534679,0.061121,2.618549,0.190461,7.177177,0.142566,0.002270,0.184930,1.192461,0.365125,0.000303,0.227111,0.088669,0.281690,0.550000,84.332014,462.130381,124.598758,23.500000,701.786691
0.000000,0.043487,2.554228,0.011664,2.593049,0.173138,7.224404,0.135095,0.058579,0.164511,1.142060,0.781106,0.001191,0.165086,0.089107,0.284167,0.540222,84.038905,461.587375,125.081588,28.000000,701.540818
0.051346,0.039249,2.222544,0.000000,2.670538,0.193709,7.191832,0.147205,0.015586,0.211022,1.164710,0.693497,0.000024,0.234587,0.133467,0.279198,0.438047,84.313439,462.217586,124.845277,30.000000,701.510955
0.048630,0.022422,2.920614,0.028183,2.627895,0.184511,7.172888,0.133353,0.208534,0.163491,1.149017,0.716475,0.000041,0.207589,0.076264,0.266599,0.523493,83.550000,456.869328,124.458167,28.500000,701.360898
0.049636,0.052583,2.478785,0.000000,2.662946,0.185431,7.312008,0.129133,0.041591,0.161574,1.726497,0.707699,0.000080,0.228087,0.000000,0.272939,0.441011,83.550000,462.072585,124.637578,27.500000,701.322607
0.037245,0.016520,2.531048,0.031495,2.790923,0.178117,7.231856,0.148424,0.096822,0.172195,1.173826,0.671469,0.000014,0.167007,0.098990,0.278660,0.531108,83.844280,472.597171,124.276871,31.000000,701.182852
0.051112,0.000000,2.393219,0.137767,2.694546,0.192788,7.180862,0.147799,0.015379,0.213057,1.159642,0.534164,0.000036,0.234400,0.000000,0.282662,0.357944,84.404623,462.115506,124.676078,30.500000,701.137919
0.045728,0.052841,2.525924,0.062607,2.603605,0.192576,6.862541,0.145893,0.028115,0.164576,1.204837,1.187977,0.000074,0.126156,0.064427,0.284827,0.454760,83.992537,461.838908,108.563589,26.000000,700.432376
0.048774,0.052503,2.422327,0.014107,2.459836,0.181162,8.073752,0.130423,0.014091,0.156248,1.136626,0.697347,0.000522,0.223198,0.083142,0.278376,0.477566,83.550000,462.067965,124.741380,28.000000,699.938829
0.049929,0.000000,2.541455,0.016846,2.608571,0.191025,7.196248,0.150297,0.000000,0.166841,1.187619,0.921563,0.000379,0.208783,0.102223,0.279947,0.457897,83.920378,480.423537,124.553879,29.000000,699.805489
0.042888,0.000000,2.536103,0.054022,2.497320,0.190749,7.206255,0.140329,0.299975,0.167233,1.191099,0.602567,0.000604,0.240474,0.068641,0.283142,0.526585,83.952014,441.147576,126.830083,28.000000,699.738816
0.051063,0.053356,2.537465,0.015899,2.595716,0.189869,7.121881,0.155573,0.000000,0.164849,1.158115,0.703060,0.000119,0.205340,0.020858,0.366185,0.527827,84.132823,465.381892,122.946360,21.000000,699.688857
0.050918,0.042392,2.529345,0.000384,2.688804,0.191058,7.072426,0.156364,0.008465,0.134672,1.197932,0.810358,0.000013,0.225352,0.069848,0.295622,0.536606,83.989441,462.700053,124.673750,31.000000,699.588126
0.051181,0.054460,2.549179,0.016044,2.590950,0.190621,6.975195,0.146854,0.017340,0.164916,1.191421,0.739210,0.000000,0.234114,0.045040,0.292979,0.497943,84.242553,496.354363,124.625492,28.000000,699.340013
0.068258,0.050767,2.552083,0.014988,2.592913,0.177352,7.216322,0.150249,0.016251,0.163571,1.189614,0.724988,0.000581,0.209384,0.077024,0.281410,0.485892,84.028352,461.622251,124.561206,28.000000,699.312181
0.051203,0.054951,2.555062,0.014678,2.589967,0.242827,7.218009,0.133400,0.015913,0.164595,1.192206,0.612090,0.000491,0.232798,0.087320,0.304822,0.527229,84.002439,461.755361,124.590557,35.000000,699.146136
0.051123,0.051881,2.548070,0.014407,2.605940,0.231103,7.210306,0.147855,0.018468,0.165265,1.190164,0.663249,0.000089,0.233979,0.088020,0.280789,0.486363,84.012927,461.686224,124.508229,28.000000,698.941270
0.048882,0.029065,2.953581,0.013110,2.647648,0.186873,7.230357,0.133448,0.000000,0.158559,1.045706,0.708257,0.000333,0.210039,0.098702,0.264769,0.504793,83.765879,461.129946,124.560832,22.500000,698.870165
0.050397,0.055350,2.102575,0.024143,2.601017,0.186676,7.210435,0.158000,0.013996,0.166201,1.420864,0.807067,0.000345,0.213344,0.117683,0.280892,0.462613,84.128401,459.693482,101.178956,30.500000,698.662639
0.048417,0.051233,2.073659,0.016156,2.541631,0.181087,7.699124,0.138773,0.002215,0.170859,1.496059,0.961941,0.000127,0.224132,0.018511,0.279801,0.510167,83.586108,461.483168,124.601940,29.500000,698.548115
0.027737,0.050778,2.633746,0.010479,2.579851,0.180803,7.205593,0.143274,0.009451,0.165219,1.614371,0.707133,0.000130,0.235148,0.129136,0.256191,0.500959,83.550000,456.519035,123.993383,28.500000,698.393307
0.050500,0.061154,2.527744,0.026403,2.443207,0.188802,7.290721,0.143455,0.019070,0.174989,1.124486,0.714601,0.000136,0.222451,0.005978,0.257467,0.445648,84.303188,460.927421,125.134107,28.000000,698.335435
0.046248,0.079105,2.655537,0.016061,2.588354,0.187463,7.499402,0.141743,0.017614,0.171673,0.995012,0.636568,0.000153,0.231202,0.083530,0.268238,0.417110,83.964988,460.885445,124.685808,28.000000,697.608140
0.000000,0.054884,2.811003,0.015083,2.702812,0.180682,7.210290,0.138749,0.015939,0.164549,1.074679,0.713159,0.000356,0.248843,0.083476,0.283680,0.409779,83.892036,461.873718,124.649161,27.000000,697.272120
0.051333,0.000000,2.552965,0.014639,2.983530,0.190782,6.545850,0.147247,0.015068,0.165105,1.154391,0.718664,0.000000,0.239015,0.220147,0.249187,0.404984,84.347094,462.535775,125.125599,24.500000,696.922516
0.022575,0.022785,2.477976,0.138290,2.571673,0.154580,7.143595,0.137393,0.006805,0.182072,1.236891,0.770943,0.000038,0.224767,0.026643,0.286615,0.529659,84.066700,459.745777,124.400489,28.000000,696.575730
0.000000,0.033103,3.326301,0.006624,2.598109,0.140765,7.191075,0.142478,0.000000,0.165340,1.190375,0.532993,0.000095,0.234845,0.008588,0.278042,0.550000,83.601266,461.639126,124.985076,30.000000,696.329986
0.050735,0.055190,2.666188,0.051357,2.589521,0.190780,7.153313,0.149967,0.015450,0.166292,1.193059,0.574236,0.000077,0.224040,0.130266,0.243386,0.399667,84.146475,486.087447,103.436215,28.000000,695.932298
0.046982,0.016878,2.503528,0.007709,2.642740,0.188737,7.216810,0.139079,0.010857,0.173810,1.387423,0.987762,0.000154,0.283663,0.047987,0.278416,0.517467,83.550000,456.939600,124.402342,27.000000,695.714441
0.047852,0.092346,2.530668,0.015138,2.524357,0.184534,7.846711,0.136467,0.015968,0.163529,1.079508,0.653182,0.000094,0.227515,0.078575,0.247476,0.381379,83.774702,461.512055,124.701606,28.000000,695.612291
0.019996,0.040430,2.521688,0.095243,2.656786,0.159155,7.307811,0.156338,0.231750,0.178133,1.160607,0.614576,0.000469,0.214236,0.075036,0.285278,0.520093,83.762375,461.858499,124.025972,32.500000,695.327356
0.051286,0.037824,2.520687,0.056359,2.506924,0.188027,7.659064,0.137564,0.016297,0.145515,1.190961,0.772576,0.000480,0.231125,0.003951,0.279923,0.530809,83.670627,450.323003,124.357789,28.000000,694.522081
0.050964,0.000000,2.504947,0.011844,2.823428,0.202195,7.160292,0.154090,0.046275,0.185070,1.114489,0.737474,0.000300,0.226911,0.082311,0.283312,0.538513,83.877585,453.592014,124.507486,28.500000,694.419308
0.050056,0.052879,2.505515,0.014454,2.537516,0.140737,7.232297,0.129777,0.016538,0.161354,1.742713,0.724326,0.000744,0.226732,0.079358,0.305044,0.529958,83.550000,461.524232,124.489097,28.000000,693.934373
0.000000,0.052342,3.263504,0.015713,2.592849,0.190051,6.655328,0.153864,0.016463,0.164726,1.023532,0.913073,0.000142,0.230773,0.058786,0.330354,0.512566,83.825935,458.648897,124.464024,27.500000,693.689306
0.049899,0.055132,2.548442,0.016031,2.589602,0.190674,7.226143,0.137797,0.015232,0.164580,1.335269,0.929024,0.000065,0.317114,0.171861,0.291161,0.316227,83.645747,491.659784,124.135832,26.000000,693.646365
0.051653,0.051659,2.174503,0.015275,2.588741,0.190400,6.285521,0.150075,0.015245,0.164393,0.258182,1.043038,0.000182,0.227530,0.106958,0.283529,0.442112,85.951004,450.793824,100.746161,27.000000,692.770044
0.051026,0.055183,1.606825,0.014370,2.588827,0.190765,6.671269,0.142003,0.690371,0.147661,1.044455,0.641187,0.000361,0.233771,0.141480,0.229001,0.482146,85.069300,462.046777,126.349783,28.000000,692.585313
0.051770,0.041650,2.461441,0.025608,2.623678,0.186699,7.211928,0.132556,0.075102,0.172152,1.194317,0.783175,0.000006,0.263852,0.097903,0.287048,0.517668,83.873447,450.820987,114.762417,34.500000,692.481880
0.022490,0.067715,2.545279,0.032488,2.673361,0.169676,7.183461,0.148838,0.016698,0.165197,0.569222,0.725422,0.000378,0.233124,0.165200,0.288846,0.474895,84.517712,462.101727,107.111931,29.500000,692.252521
0.051399,0.053268,2.528316,0.014976,2.589501,0.187368,7.219125,0.150401,0.015763,0.224391,1.050107,0.778151,0.000631,0.232763,0.090016,0.368392,0.484498,83.960935,461.555214,148.397209,28.500000,691.995541
0.000000,0.051185,2.018060,0.006177,3.023669,0.186796,7.081827,0.138778,0.001429,0.170613,1.041581,0.697081,0.000249,0.166906,0.055794,0.282273,0.379936,84.697646,470.822974,124.654721,28.500000,691.667660
0.051628,0.166074,2.479187,0.107166,2.589023,0.184983,7.187919,0.145028,0.016126,0.194821,1.163806,0.814248,0.000088,0.213026,0.032749,0.285838,0.531299,83.836990,438.351310,124.196072,28.500000,691.648434
0.050248,0.053455,3.295857,0.134560,2.545410,0.187446,7.083424,0.143114,0.000000,0.162162,1.168912,0.548245,0.000193,0.210315,0.048070,0.278301,0.540287,83.550000,461.697646,124.511765,37.500000,691.285413
0.051351,0.039512,2.408852,0.119791,2.669164,0.235054,7.190352,0.145139,0.015562,0.210240,0.878697,0.693962,0.000202,0.246874,0.154419,0.289414,0.444345,84.207071,462.189679,124.629624,30.000000,689.994842
0.049016,0.051526,3.742356,0.012289,2.592430,0.182563,6.886349,0.140990,0.013480,0.139318,1.008424,0.696538,0.000706,0.163829,0.037618,0.279856,0.452712,83.550000,466.571984,124.612610,28.000000,689.338304
0.043702,0.307121,2.473428,0.016250,2.635621,0.185457,7.299760,0.131134,0.000000,0.165904,1.132559,0.427216,0.000158,0.203366,0.089678,0.279068,0.512251,84.097327,453.957638,123.643864,29.000000,689.087349
0.051348,0.053503,1.595160,0.014934,2.399023,0.190605,7.216280,0.149651,0.015953,0.147491,1.073643,0.771617,0.000286,0.232534,0.088586,0.358834,0.494795,85.145756,461.549164,124.447092,28.000000,688.901414
0.051127,0.054443,2.552851,0.006904,2.376964,0.190669,7.188421,0.145938,0.288094,0.164889,1.212549,0.740018,0.000457,0.190358,0.055423,0.301116,0.521213,83.958564,488.088738,104.833620,28.500000,688.258725
0.050636,0.172096,2.557761,0.014731,2.507084,0.190006,7.193860,0.141928,0.015394,0.163146,0.516751,0.720848,0.000226,0.194680,0.173401,0.265540,0.407498,84.714414,462.404032,124.792205,28.000000,688.169664
0.049463,0.082782,1.953719,0.000000,2.918242,0.183769,7.662168,0.129681,0.021416,0.200130,0.922845,0.633167,0.000296,0.217803,0.024426,0.266010,0.473121,84.260962,459.193510,126.345327,27.000000,687.821985
0.050021,0.059850,2.188429,0.000000,2.603257,0.182304,7.194759,0.154171,0.016496,0.119197,1.192805,0.733454,0.000243,0.230129,0.075252,0.289042,0.509956,84.400632,437.963975,122.493709,31.000000,687.300284
0.044409,0.120531,3.510590,0.114789,2.590300,0.190690,7.028247,0.125230,0.107190,0.164783,0.408183,0.796157,0.001076,0.230732,0.089159,0.305982,0.531229,83.640723,430.071106,121.591018,28.000000,686.738511
0.047391,0.006738,3.091080,0.015350,2.894068,0.176193,7.032050,0.133695,0.117349,0.152532,1.102881,0.682844,0.000063,0.217782,0.028016,0.261979,0.489987,83.550000,461.796992,124.699772,33.000000,686.557774
0.051533,0.162874,1.569667,0.037929,2.602020,0.191221,7.237790,0.136689,0.014646,0.169670,1.193531,0.731272,0.000030,0.236296,0.095688,0.291034,0.496583,84.781526,450.699681,124.741318,28.500000,686.552792
0.047650,0.038784,2.347394,0.010548,2.652921,0.187141,7.997001,0.128838,0.046857,0.112300,1.090194,0.683974,0.000256,0.212836,0.148705,0.265480,0.479120,83.550000,452.738030,124.531241,22.500000,686.535082
0.051171,0.048885,2.493237,0.053815,2.620557,0.191911,5.895224,0.142218,0.016499,0.182057,1.179967,0.723004,0.000334,0.234241,0.049119,0.276556,0.538949,85.302256,461.820535,125.120326,31.500000,685.641909
0.000000,0.148234,2.548543,0.325278,2.591219,0.190843,7.212953,0.144124,0.016816,0.174640,1.189675,0.580466,0.000192,0.233991,0.112821,0.280829,0.535433,83.713945,461.683367,124.661456,28.000000,684.924607
0.050180,0.008619,2.547945,0.000699,2.562342,0.192773,7.135138,0.134458,0.018163,0.178874,1.150721,0.723230,0.000152,0.230556,0.112089,0.275068,0.466615,84.212378,461.474696,148.203196,28.000000,684.854173
0.000000,0.080135,1.849389,0.009696,2.893669,0.186728,7.178411,0.126948,0.069792,0.160493,0.757859,0.780538,0.000273,0.222782,0.081426,0.297110,0.523502,84.781250,430.704333,122.607101,29.500000,684.075764
0.026936,0.054332,2.546255,0.007835,2.592305,0.177124,7.188005,0.143746,0.038307,0.106105,1.189610,0.560780,0.000182,0.234428,0.056989,0.259622,0.526531,84.290907,461.566495,124.907627,28.000000,683.986680
0.000000,0.052350,3.770431,0.253569,2.388339,0.182137,6.859197,0.145942,0.015984,0.157671,0.772861,0.731730,0.000117,0.223047,0.152427,0.333269,0.410930,83.550000,472.807591,108.297855,30.000000,683.964935
0.063669,0.039970,2.377265,0.015715,2.474865,0.188664,8.061651,0.119977,0.061162,0.159367,1.143298,0.732458,0.000042,0.202993,0.078868,0.275532,0.454504,83.550000,452.861565,124.269961,27.000000,682.942591
0.051567,0.049050,2.506775,0.015961,2.531887,0.188800,5.872759,0.142163,0.041461,0.200933,1.132321,0.766641,0.000240,0.194006,0.102577,0.276797,0.483042,85.443019,457.122421,124.367673,26.000000,682.832339
0.050385,0.054032,2.538033,0.015044,2.253259,0.192313,7.225958,0.150181,0.016736,0.215624,1.198914,0.732083,0.000647,0.229669,0.000000,0.277752,0.544969,84.304400,440.772725,94.454333,28.000000,682.511888
0.051391,0.054821,2.551058,0.015275,2.209729,0.190716,6.257802,0.150442,0.015759,0.195519,1.193348,0.877527,0.000054,0.201370,0.000000,0.267471,0.427029,85.340689,462.473847,105.635992,21.000000,681.979812
0.048924,0.184796,2.486440,0.010534,2.938288,0.192096,6.892119,0.135444,0.061780,0.161008,1.079689,1.170896,0.000298,0.256789,0.000000,0.286850,0.516044,83.578005,450.776395,124.557453,28.000000,680.717576
0.051562,0.054941,1.721427,0.014687,2.764423,0.190700,7.100309,0.137416,0.014676,0.164381,1.151979,0.964169,0.000039,0.194702,0.098064,0.291065,0.502329,84.583131,460.438012,87.529381,28.000000,678.746080
0.051124,0.054468,2.553451,0.000000,2.402060,0.190680,7.190057,0.145943,0.008969,0.164870,1.209775,0.739970,0.001317,0.215427,0.052426,0.302397,0.543053,84.174014,461.560791,139.822020,43.000000,677.966748
0.049643,0.048418,2.433796,0.016422,3.251513,0.182676,6.938036,0.136066,0.037368,0.160641,1.152735,1.003532,0.000093,0.226207,0.020918,0.274326,0.517610,83.550000,457.778680,85.668095,27.500000,677.329382
0.050132,0.066242,2.506251,0.016113,2.588976,0.190443,7.357641,0.144366,0.034839,0.164459,0.782654,1.006386,0.000249,0.228008,0.104502,0.276249,0.478953,84.003537,452.089960,82.549082,24.000000,676.801777
0.050139,0.060366,2.454199,0.007051,2.593965,0.199780,7.069474,0.158000,0.326951,0.171547,1.196567,0.704328,0.000052,0.289009,0.098246,0.286801,0.465954,83.867573,502.649145,124.651781,28.500000,676.607297
0.050842,0.054811,2.551265,0.014634,2.586979,0.250131,7.354014,0.158000,0.016191,0.164172,0.829639,0.733885,0.000100,0.211779,0.085214,0.268590,0.550000,84.119753,462.034124,125.094968,28.000000,675.779344
0.000000,0.054997,0.521797,0.014428,2.588878,0.190769,6.894070,0.144604,0.410736,0.213277,1.085084,0.723281,0.000349,0.233220,0.189512,0.251182,0.487349,85.996467,462.240018,125.897225,19.000000,675.609406
0.024086,0.322255,2.546378,0.008762,2.592069,0.226926,7.186483,0.144164,0.036167,0.165580,1.189677,0.579803,0.000193,0.146963,0.063611,0.288006,0.524659,83.954217,461.566146,124.876167,27.000000,675.416834
0.000000,0.030829,2.546332,0.077168,2.643233,0.143591,7.159095,0.148892,0.029649,0.185869,1.216702,0.732133,0.000222,0.240013,0.057919,0.325204,0.501730,83.961419,490.410751,116.343888,27.000000,675.337427
0.049782,0.042462,2.434239,0.016295,3.418018,0.183165,6.979753,0.098610,0.056780,0.165803,1.158348,0.760771,0.000040,0.227081,0.050068,0.274984,0.533802,83.550000,478.307058,140.904368,27.000000,675.013636
0.000000,0.048220,2.548891,0.014890,2.589369,0.190725,7.234204,0.140392,0.015023,0.097599,1.195080,0.733665,0.000029,0.235207,0.032954,0.291207,0.542468,84.090078,497.568037,124.739927,28.500000,673.594479
0.050991,0.044364,2.538101,0.006611,2.586043,0.179224,7.190945,0.142348,0.030705,0.154742,1.163522,0.596404,0.000335,0.227630,0.099292,0.284434,0.537197,84.167112,462.257185,96.354929,17.500000,672.496214
0.000000,0.051022,2.495379,0.012034,2.597117,0.190286,7.003084,0.151848,0.025855,0.164520,0.891358,1.069663,0.000039,0.256784,0.078414,0.310880,0.515694,84.186022,461.337790,81.774905,25.000000,672.446087
0.050357,0.051722,2.551939,0.030226,2.635334,0.186286,7.269031,0.141169,0.022984,0.165314,1.349762,0.729150,0.000509,0.223204,0.136780,0.277757,0.465749,83.712730,458.218380,86.084897,27.500000,672.435217
0.046497,0.241940,1.527624,0.232806,2.548276,0.182212,7.627898,0.135729,0.005324,0.160115,1.458865,0.606096,0.000000,0.210744,0.032313,0.267971,0.507654,84.207935,439.857744,122.996835,30.500000,672.124492
0.000000,0.038139,4.303308,0.014979,2.410965,0.141732,6.716121,0.086199,0.028140,0.151588,1.111180,0.663063,0.000119,0.147672,0.028508,0.269821,0.338465,83.550000,459.147527,124.567959,27.500000,671.589819
0.051159,0.108867,2.546476,0.016755,2.134847,0.190561,7.171015,0.147252,0.301177,0.165094,1.506412,0.740528,0.000254,0.234658,0.034560,0.287492,0.520958,83.841936,456.067518,124.631423,28.000000,671.372300
0.033174,0.151431,2.132176,0.076155,2.604710,0.221653,7.195544,0.154629,0.016361,0.164932,1.193177,1.021711,0.000000,0.229769,0.095785,0.286751,0.515128,83.906914,453.988851,122.173782,36.500000,671.269461
0.051289,0.000000,2.528371,0.043188,2.590629,0.259118,7.180944,0.147767,0.114061,0.166450,1.086126,0.762197,0.000286,0.171333,0.034947,0.290859,0.507957,84.064478,459.356965,124.480818,28.000000,671.040208
0.050373,0.051593,2.094002,0.003532,3.640000,0.187337,7.096933,0.102491,0.000000,0.169829,1.033124,0.824472,0.000158,0.213183,0.047502,0.285120,0.401098,83.799252,474.629372,67.342431,29.000000,667.732857
0.051118,0.054568,2.555208,0.014710,2.886473,0.190782,5.864122,0.146720,0.000000,0.164792,1.738697,0.676348,0.000630,0.211884,0.060620,0.302606,0.546649,84.534075,461.566455,137.586988,28.000000,667.012071
0.046314,0.052306,2.903405,0.062153,2.464031,0.117361,6.952201,0.138311,0.524507,0.159936,1.218281,0.636456,0.000327,0.227935,0.132685,0.283544,0.530249,83.550000,453.962614,135.663114,28.000000,665.447435
0.047749,0.054053,2.822660,0.256533,2.328326,0.108755,7.071851,0.132659,0.054226,0.156478,1.057470,1.361167,0.000266,0.218796,0.000000,0.280151,0.498860,83.550000,451.560901,124.578233,28.000000,664.043992
0.051211,0.001560,2.772357,0.016766,2.592134,0.288447,7.174994,0.146093,0.017733,0.165170,1.192488,0.739362,0.000000,0.235519,0.020745,0.282065,0.533831,83.769525,461.755456,124.692461,33.500000,663.985947
0.049179,0.219008,2.471141,0.007052,2.766736,0.185419,7.483118,0.115637,0.063530,0.123739,1.139647,0.747247,0.000410,0.291546,0.000000,0.265497,0.521093,83.550000,460.850104,124.597566,27.500000,663.401708
0.067974,0.020977,3.305557,0.011066,2.717081,0.186575,7.048234,0.139067,0.086769,0.113229,1.179119,0.552417,0.000195,0.229215,0.102943,0.277376,0.412207,83.550000,494.253631,124.636626,26.000000,662.963321
0.000000,0.054163,2.491695,0.014261,2.530487,0.163124,6.375338,0.133272,0.009050,0.162907,1.169101,0.648846,0.000026,0.229733,0.080695,0.315237,0.468350,85.153715,462.094343,97.353830,23.500000,660.798776
0.097003,0.089808,2.541632,0.015550,2.585868,0.154689,7.200107,0.136192,0.015505,0.199009,1.799789,0.700377,0.000319,0.172963,0.077739,0.286558,0.376893,83.550000,460.554375,124.649243,28.000000,660.406114
0.051275,0.054767,2.550596,0.015670,2.590347,0.190672,6.406260,0.149526,0.016696,0.243103,1.191867,0.943948,0.000115,0.210145,0.108572,0.275159,0.381128,84.620154,462.062106,152.325889,24.500000,660.382843
0.346155,0.048742,2.494857,0.011657,2.625737,0.189053,6.631411,0.136879,0.013870,0.171584,1.123890,0.693677,0.000159,0.196616,0.067669,0.280449,0.514905,84.452689,462.932840,124.038760,20.500000,660.377323
0.375697,0.050634,2.520654,0.032083,2.889913,0.186323,7.138594,0.140120,0.014105,0.167555,1.170613,0.657433,0.000175,0.148190,0.135510,0.286597,0.535802,83.550000,476.753525,124.639143,27.000000,659.518152
0.000000,0.052023,2.503300,0.015210,2.011428,0.167845,6.114770,0.148248,0.015059,0.164372,0.928144,1.275423,0.000125,0.228369,0.106953,0.283136,0.505134,85.480461,451.753267,124.361624,23.000000,659.242063
0.051079,0.054600,2.542642,0.014650,2.580963,0.202967,6.606932,0.146382,0.017973,0.164039,1.493767,0.831670,0.000272,0.233190,0.136272,0.269687,0.512534,84.140382,459.869544,84.311306,30.500000,658.617900
1.051577,0.035150,2.474247,0.014619,2.703954,0.184972,7.040548,0.138174,0.043186,0.161808,1.107229,0.505181,0.000066,0.221059,0.058247,0.252370,0.457613,83.550000,462.864446,125.153373,23.500000,654.898751
0.944305,0.048484,2.393698,0.018145,2.509279,0.182255,7.172927,0.130030,0.014679,0.160506,1.204364,0.640830,0.000144,0.180822,0.079336,0.271642,0.498554,83.550000,453.621871,123.646039,29.500000,653.676533
0.000000,0.052789,2.424911,0.013874,2.551147,0.184538,7.754818,0.144059,0.014780,0.160293,1.451037,0.704648,0.000475,0.205077,0.101687,0.267374,0.418492,83.550000,461.954320,154.921997,25.000000,652.506695
0.051771,0.000000,2.458519,0.134052,2.588349,0.183320,7.398397,0.143877,0.015606,0.171313,1.196450,0.836122,0.000004,0.230547,0.031825,0.283728,0.545271,83.730850,429.523922,164.540864,28.500000,651.667477
0.045753,0.041463,4.453638,0.014325,2.293642,0.166508,6.378923,0.106884,0.047674,0.147872,1.021981,0.686111,0.000134,0.205090,0.087880,0.311798,0.440325,83.550000,454.801166,124.291828,26.000000,651.082950
0.000018,0.078887,2.532520,0.092024,2.623324,0.189608,5.969509,0.145816,0.070441,0.166786,1.631521,0.962875,0.000105,0.238438,0.096070,0.280104,0.533609,84.388343,431.524380,124.500190,18.500000,650.912374
0.996256,0.000000,2.477358,0.016215,2.521322,0.185439,6.973758,0.143173,0.017224,0.160563,1.159643,0.757711,0.000114,0.228962,0.046178,0.270583,0.495503,83.550000,491.497578,124.666388,28.000000,649.707017
0.122770,0.053112,2.430954,0.011578,2.479626,0.182629,7.952622,0.129593,0.000000,0.156793,1.025731,0.758044,0.000055,0.223598,0.159849,0.279318,0.483729,83.550000,469.678645,99.245022,28.000000,649.662645
0.543383,0.054966,1.899049,0.014871,2.606522,0.190757,7.176450,0.151480,0.015250,0.164459,1.193663,0.900987,0.000058,0.167555,0.170648,0.265846,0.403861,84.080194,462.611895,143.799285,28.000000,649.280931
0.615163,0.033958,2.343574,0.150565,2.675772,0.192999,7.142393,0.147963,0.018947,0.250027,1.151131,0.634461,0.000000,0.233118,0.175819,0.279395,0.404714,83.550000,461.671930,116.185311,30.500000,649.066508
0.999634,0.030582,2.458812,0.075072,2.501492,0.183766,6.930175,0.112890,0.016433,0.158890,1.148360,0.711511,0.000429,0.259864,0.110635,0.223594,0.527861,83.550000,461.586998,124.075110,31.000000,645.949759
0.051071,0.065230,2.778212,0.012519,2.712094,0.189642,7.152818,0.144884,0.068086,0.180842,1.194173,0.601436,0.000135,0.233242,0.169679,0.274436,0.430855,83.740646,430.049822,164.703866,27.000000,640.360193
0.029195,0.019138,2.473564,0.076592,2.575454,0.161096,7.154310,0.141667,0.203990,0.154306,1.556490,0.785722,0.000031,0.226078,0.027818,0.285960,0.533199,83.595390,452.892944,154.613114,28.500000,639.104123
0.707187,0.023930,1.996505,0.014715,2.199828,0.196572,7.177984,0.152454,0.015156,0.230137,0.663631,0.713836,0.000117,0.249447,0.088281,0.303084,0.406539,84.860598,462.420919,124.675455,35.000000,637.515216
0.996438,0.000000,2.508371,0.014353,2.309497,0.187644,7.125879,0.133124,0.009110,0.146701,1.176475,0.720647,0.000023,0.242910,0.094909,0.287969,0.495951,83.550000,458.115286,128.266140,28.000000,636.005906
0.046638,0.050865,2.641476,0.009785,2.686979,0.174716,7.314436,0.126623,0.097915,0.184642,1.172213,0.925746,0.000133,0.235901,0.057711,0.264826,0.459394,83.550000,459.776216,165.091224,28.000000,633.979600
1.964208,0.046879,2.332472,0.015435,2.446199,0.178990,6.525795,0.143333,0.013953,0.179747,0.737911,0.775758,0.000019,0.245905,0.100173,0.266763,0.476460,83.550000,461.243422,124.246166,28.000000,631.555162
1.493208,0.045875,2.350975,0.052158,2.464594,0.093771,6.768032,0.115017,0.015388,0.171488,1.109348,0.645739,0.000520,0.249578,0.103384,0.285022,0.485903,83.550000,461.780558,124.542026,29.000000,631.171517
1.177333,0.065234,2.374968,0.052658,2.476162,0.194922,6.686316,0.141816,0.213889,0.161381,1.142675,0.676392,0.000115,0.205833,0.106914,0.313182,0.460209,83.550000,463.087378,124.661751,36.500000,627.507986
1.039893,0.033286,2.257353,0.014858,2.352175,0.170511,7.252915,0.129542,0.078221,0.152122,1.184998,0.739205,0.000011,0.209782,0.074543,0.260724,0.499863,83.550000,446.951091,124.250204,26.500000,622.748793
0.000000,0.050895,2.348122,0.012058,2.513817,0.238202,8.154032,0.144513,0.012253,0.156699,1.111415,0.674648,0.000035,0.222178,0.109206,0.275033,0.426895,83.550000,462.482634,167.239330,28.000000,621.387559
1.151172,0.049368,2.315577,0.013385,2.348635,0.161949,7.249713,0.132604,0.015207,0.149328,1.060401,0.689248,0.000662,0.259569,0.075529,0.281135,0.496518,83.550000,435.969263,124.480534,28.000000,620.372667
1.414041,0.000000,2.191957,0.370503,2.426037,0.159978,6.710883,0.141101,0.016111,0.154404,1.113148,0.688118,0.000257,0.216917,0.099602,0.268786,0.478157,83.550000,457.899539,123.431786,30.000000,617.690338
1.570175,0.043064,2.327118,0.015672,2.416200,0.150963,6.715914,0.126708,0.054948,0.160227,1.115064,0.722039,0.000048,0.209653,0.060456,0.266590,0.495161,83.550000,453.913081,137.876927,27.000000,616.431360
0.051436,0.022099,2.549841,0.000000,1.986152,0.190729,7.243724,0.121508,0.005409,0.090618,1.235946,0.732345,0.000024,0.255406,0.096574,0.292801,0.503899,84.621490,457.826264,154.624678,28.000000,616.017259
0.039802,0.126749,2.546383,0.018032,2.586279,0.150826,4.894246,0.147847,0.099193,0.165868,0.927687,0.726068,0.000292,0.215933,0.062130,0.260359,0.521735,86.510573,446.311644,124.576781,28.000000,615.405015
1.119414,0.051825,2.466029,0.055211,2.536732,0.177520,6.646971,0.142644,0.025788,0.160421,1.173431,0.818082,0.000063,0.238304,0.129374,0.274257,0.433934,83.550000,473.950450,131.286315,30.000000,612.814483
2.170720,0.006280,2.267794,0.000936,2.303834,0.116788,6.445232,0.123779,0.171277,0.152717,0.882796,0.765057,0.000334,0.202810,0.117759,0.271024,0.450866,83.550000,462.001087,126.957560,27.000000,610.284510
2.826979,0.049617,2.331243,0.012621,2.373618,0.143950,5.468175,0.128009,0.013864,0.153688,1.309113,0.634124,0.000106,0.254747,0.000000,0.252535,0.497611,83.550000,461.669146,125.203670,24.500000,603.046845
0.844122,0.049453,3.187977,0.096556,2.346325,0.172784,6.516617,0.133295,0.000000,0.149503,1.168474,0.698356,0.000330,0.293397,0.093904,0.233134,0.465773,83.550000,454.739991,111.336145,28.000000,602.501451
0.051016,0.051773,2.536570,0.008430,2.585523,0.191082,7.182377,0.142523,0.001898,0.185564,1.194973,0.356900,0.000301,0.208008,0.082632,0.279920,0.542878,84.397634,430.352883,185.772307,23.000000,594.799131
0.050360,0.046705,2.487711,0.086835,2.639767,0.188385,7.169980,0.142629,0.239515,0.179868,0.986950,0.706899,0.000116,0.200978,0.090211,0.286969,0.504636,83.991488,461.369757,194.457572,28.500000,593.386655
1.158005,0.009734,4.007474,0.002611,2.284080,0.107466,5.681890,0.119151,0.159874,0.148201,0.886975,0.798084,0.000401,0.204189,0.111120,0.320282,0.450461,83.550000,461.859736,126.761877,28.000000,592.531663
0.822137,0.051276,2.044974,0.001922,3.001871,0.187004,7.100097,0.120621,0.001953,0.170271,0.922567,0.696667,0.000090,0.230319,0.060461,0.284026,0.385345,83.918399,461.005845,176.721018,25.500000,575.091544
